100
99.9912
99.9824
99.9736
99.9648
99.956
99.9472
99.9384
99.9296
99.9208
99.912
99.9032
99.8944
99.8856
99.8768
99.868
99.8592
99.8504
99.8416
99.8328
99.824
99.8152
99.8065
99.7977
99.7889
99.7801
99.7713
99.7625
99.7537
99.7449
99.7361
99.7273
99.7185
99.7097
99.7009
99.6921
99.6833
99.6745
99.6657
99.6569
99.6481
99.6393
99.6305
99.6217
99.6129
99.6041
99.5953
99.5865
99.5777
99.5689
99.5601
99.5513
99.5425
99.5337
99.5249
99.5161
99.5073
99.4985
99.4897
99.4809
99.4721
99.4633
99.4545
99.4457
99.437
99.4282
99.4194
99.4106
99.4018
99.393
99.3842
99.3754
99.3666
99.3578
99.349
99.3402
99.3314
99.3226
99.3138
99.305
99.2962
99.2874
99.2786
99.2698
99.261
99.2522
99.2434
99.2346
99.2258
99.217
99.2082
99.1994
99.1906
99.1818
99.173
99.1642
99.1554
99.1466
99.1378
99.129
99.1202
99.1114
99.1026
99.0938
99.085
99.0762
99.0674
99.0587
99.0499
99.0411
99.0323
99.0235
99.0147
99.0059
98.9971
98.9883
98.9795
98.9707
98.9619
98.9531
98.9443
98.9355
98.9267
98.9179
98.9091
98.9003
98.8915
98.8827
98.8739
98.8651
98.8563
98.8475
98.8387
98.8299
98.8211
98.8123
98.8035
98.7947
98.7859
98.7771
98.7683
98.7595
98.7507
98.7419
98.7331
98.7243
98.7155
98.7067
98.6979
98.6891
98.6804
98.6716
98.6628
98.654
98.6452
98.6364
98.6276
98.6188
98.61
98.6012
98.5924
98.5836
98.5748
98.566
98.5572
98.5484
98.5396
98.5308
98.522
98.5132
98.5044
98.4956
98.4868
98.478
98.4692
98.4604
98.4516
98.4428
98.434
98.4252
98.4164
98.4076
98.3988
98.39
98.3812
98.3724
98.3636
98.3548
98.346
98.3372
98.3284
98.3196
98.3109
98.3021
98.2933
98.2845
98.2757
98.2669
98.2581
98.2493
98.2405
98.2317
98.2229
98.2141
98.2053
98.1965
98.1877
98.1789
98.1701
98.1613
98.1525
98.1437
98.1349
98.1261
98.1173
98.1085
98.0997
98.0909
98.0821
98.0733
98.0645
98.0557
98.0469
98.0381
98.0293
98.0205
98.0117
98.0029
97.9941
97.9853
97.9765
97.9677
97.9589
97.9501
97.9413
97.9326
97.9238
97.915
97.9062
97.8974
97.8886
97.8798
97.871
97.8622
97.8534
97.8446
97.8358
97.827
97.8182
97.8094
97.8006
97.7918
97.783
97.7742
97.7654
97.7566
97.7478
97.739
97.7302
97.7214
97.7126
97.7038
97.695
97.6862
97.6774
97.6686
97.6598
97.651
97.6422
97.6334
97.6246
97.6158
97.607
97.5982
97.5894
97.5806
97.5718
97.563
97.5543
97.5455
97.5367
97.5279
97.5191
97.5103
97.5015
97.4927
97.4839
97.4751
97.4663
97.4575
97.4487
97.4399
97.4311
97.4223
97.4135
97.4047
97.3959
97.3871
97.3783
97.3695
97.3607
97.3519
97.3431
97.3343
97.3255
97.3167
97.3079
97.2991
97.2903
97.2815
97.2727
97.2639
97.2551
97.2463
97.2375
97.2287
97.2199
97.2111
97.2023
97.1935
97.1848
97.176
97.1672
97.1584
97.1496
97.1408
97.132
97.1232
97.1144
97.1056
97.0968
97.088
97.0792
97.0704
97.0616
97.0528
97.044
97.0352
97.0264
97.0176
97.0088
97
96.9912
96.9824
96.9736
96.9648
96.956
96.9472
96.9384
96.9296
96.9208
96.912
96.9032
96.8944
96.8856
96.8768
96.868
96.8592
96.8504
96.8416
96.8328
96.824
96.8152
96.8065
96.7977
96.7889
96.7801
96.7713
96.7625
96.7537
96.7449
96.7361
96.7273
96.7185
96.7097
96.7009
96.6921
96.6833
96.6745
96.6657
96.6569
96.6481
96.6393
96.6305
96.6217
96.6129
96.6041
96.5953
96.5865
96.5777
96.5689
96.5601
96.5513
96.5425
96.5337
96.5249
96.5161
96.5073
96.4985
96.4897
96.4809
96.4721
96.4633
96.4545
96.4457
96.437
96.4282
96.4194
96.4106
96.4018
96.393
96.3842
96.3754
96.3666
96.3578
96.349
96.3402
96.3314
96.3226
96.3138
96.305
96.2962
96.2874
96.2786
96.2698
96.261
96.2522
96.2434
96.2346
96.2258
96.217
96.2082
96.1994
96.1906
96.1818
96.173
96.1642
96.1554
96.1466
96.1378
96.129
96.1202
96.1114
96.1026
96.0938
96.085
96.0762
96.0674
96.0587
96.0499
96.0411
96.0323
96.0235
96.0147
96.0059
95.9971
95.9883
95.9795
95.9707
95.9619
95.9531
95.9443
95.9355
95.9267
95.9179
95.9091
95.9003
95.8915
95.8827
95.8739
95.8651
95.8563
95.8475
95.8387
95.8299
95.8211
95.8123
95.8035
95.7947
95.7859
95.7771
95.7683
95.7595
95.7507
95.7419
95.7331
95.7243
95.7155
95.7067
95.6979
95.6891
95.6804
95.6716
95.6628
95.654
95.6452
95.6364
95.6276
95.6188
95.61
95.6012
95.5924
95.5836
95.5748
95.566
95.5572
95.5484
95.5396
95.5308
95.522
95.5132
95.5044
95.4956
95.4868
95.478
95.4692
95.4604
95.4516
95.4428
95.434
95.4252
95.4164
95.4076
95.3988
95.39
95.3812
95.3724
95.3636
95.3548
95.346
95.3372
95.3284
95.3196
95.3109
95.3021
95.2933
95.2845
95.2757
95.2669
95.2581
95.2493
95.2405
95.2317
95.2229
95.2141
95.2053
95.1965
95.1877
95.1789
95.1701
95.1613
95.1525
95.1437
95.1349
95.1261
95.1173
95.1085
95.0997
95.0909
95.0821
95.0733
95.0645
95.0557
95.0469
95.0381
95.0293
95.0205
95.0117
95.0029
94.9941
94.9853
94.9765
94.9677
94.9589
94.9501
94.9413
94.9326
94.9238
94.915
94.9062
94.8974
94.8886
94.8798
94.871
94.8622
94.8534
94.8446
94.8358
94.827
94.8182
94.8094
94.8006
94.7918
94.783
94.7742
94.7654
94.7566
94.7478
94.739
94.7302
94.7214
94.7126
94.7038
94.695
94.6862
94.6774
94.6686
94.6598
94.651
94.6422
94.6334
94.6246
94.6158
94.607
94.5982
94.5894
94.5806
94.5718
94.563
94.5543
94.5455
94.5367
94.5279
94.5191
94.5103
94.5015
94.4927
94.4839
94.4751
94.4663
94.4575
94.4487
94.4399
94.4311
94.4223
94.4135
94.4047
94.3959
94.3871
94.3783
94.3695
94.3607
94.3519
94.3431
94.3343
94.3255
94.3167
94.3079
94.2991
94.2903
94.2815
94.2727
94.2639
94.2551
94.2463
94.2375
94.2287
94.2199
94.2111
94.2023
94.1935
94.1848
94.176
94.1672
94.1584
94.1496
94.1408
94.132
94.1232
94.1144
94.1056
94.0968
94.088
94.0792
94.0704
94.0616
94.0528
94.044
94.0352
94.0264
94.0176
94.0088
94
93.9912
93.9824
93.9736
93.9648
93.956
93.9472
93.9384
93.9296
93.9208
93.912
93.9032
93.8944
93.8856
93.8768
93.868
93.8592
93.8504
93.8416
93.8328
93.824
93.8152
93.8065
93.7977
93.7889
93.7801
93.7713
93.7625
93.7537
93.7449
93.7361
93.7273
93.7185
93.7097
93.7009
93.6921
93.6833
93.6745
93.6657
93.6569
93.6481
93.6393
93.6305
93.6217
93.6129
93.6041
93.5953
93.5865
93.5777
93.5689
93.5601
93.5513
93.5425
93.5337
93.5249
93.5161
93.5073
93.4985
93.4897
93.4809
93.4721
93.4633
93.4545
93.4457
93.437
93.4282
93.4194
93.4106
93.4018
93.393
93.3842
93.3754
93.3666
93.3578
93.349
93.3402
93.3314
93.3226
93.3138
93.305
93.2962
93.2874
93.2786
93.2698
93.261
93.2522
93.2434
93.2346
93.2258
93.217
93.2082
93.1994
93.1906
93.1818
93.173
93.1642
93.1554
93.1466
93.1378
93.129
93.1202
93.1114
93.1026
93.0938
93.085
93.0762
93.0674
93.0587
93.0499
93.0411
93.0323
93.0235
93.0147
93.0059
92.9971
92.9883
92.9795
92.9707
92.9619
92.9531
92.9443
92.9355
92.9267
92.9179
92.9091
92.9003
92.8915
92.8827
92.8739
92.8651
92.8563
92.8475
92.8387
92.8299
92.8211
92.8123
92.8035
92.7947
92.7859
92.7771
92.7683
92.7595
92.7507
92.7419
92.7331
92.7243
92.7155
92.7067
92.6979
92.6891
92.6804
92.6716
92.6628
92.654
92.6452
92.6364
92.6276
92.6188
92.61
92.6012
92.5924
92.5836
92.5748
92.566
92.5572
92.5484
92.5396
92.5308
92.522
92.5132
92.5044
92.4956
92.4868
92.478
92.4692
92.4604
92.4516
92.4428
92.434
92.4252
92.4164
92.4076
92.3988
92.39
92.3812
92.3724
92.3636
92.3548
92.346
92.3372
92.3284
92.3196
92.3109
92.3021
92.2933
92.2845
92.2757
92.2669
92.2581
92.2493
92.2405
92.2317
92.2229
92.2141
92.2053
92.1965
92.1877
92.1789
92.1701
92.1613
92.1525
92.1437
92.1349
92.1261
92.1173
92.1085
92.0997
92.0909
92.0821
92.0733
92.0645
92.0557
92.0469
92.0381
92.0293
92.0205
92.0117
92.0029
91.9941
91.9853
91.9765
91.9677
91.9589
91.9501
91.9413
91.9326
91.9238
91.915
91.9062
91.8974
91.8886
91.8798
91.871
91.8622
91.8534
91.8446
91.8358
91.827
91.8182
91.8094
91.8006
91.7918
91.783
91.7742
91.7654
91.7566
91.7478
91.739
91.7302
91.7214
91.7126
91.7038
91.695
91.6862
91.6774
91.6686
91.6598
91.651
91.6422
91.6334
91.6246
91.6158
91.607
91.5982
91.5894
91.5806
91.5718
91.563
91.5543
91.5455
91.5367
91.5279
91.5191
91.5103
91.5015
91.4927
91.4839
91.4751
91.4663
91.4575
91.4487
91.4399
91.4311
91.4223
91.4135
91.4047
91.3959
91.3871
91.3783
91.3695
91.3607
91.3519
91.3431
91.3343
91.3255
91.3167
91.3079
91.2991
91.2903
91.2815
91.2727
91.2639
91.2551
91.2463
91.2375
91.2287
91.2199
91.2111
91.2023
91.1935
91.1848
91.176
91.1672
91.1584
91.1496
91.1408
91.132
91.1232
91.1144
91.1056
91.0968
91.088
91.0792
91.0704
91.0616
91.0528
91.044
91.0352
91.0264
91.0176
91.0088
